[Molden Format]

[FREQ]
538.85
600.02
1425.06
2593.65

[FR-COORD]
O       -1.05144       0.07072       -0.00000       
C       0.00000       -0.37919       -0.00000       
O       1.05144       -0.82910       0.00000       

[FR-NORM-COORD]
vibration 1
           -0.0000100000        -0.0000200000        -0.0533200000        
           0.0000100000        0.0000400000        0.2751100000        
           -0.0000100000        -0.0000100000        -0.0533200000        
vibration 2
           0.0363300000        0.0849200000        -0.0000100000        
           -0.0967700000        -0.2262000000        0.0000500000        
           0.0363300000        0.0849100000        -0.0000100000        
vibration 3
           0.1625300000        -0.0695300000        0.0000000000        
           0.0000000000        -0.0000000000        -0.0000000000        
           -0.1625300000        0.0695300000        -0.0000000000        
vibration 4
           -0.0849100000        0.0363300000        -0.0000000000        
           0.2262000000        -0.0967700000        -0.0000000000        
           -0.0849100000        0.0363300000        0.0000000000        
